HRNet Cephalometric Dataset Splits
==================================================

Training (278 samples): [2, 3, 4, 5, 6, 7, 12, 13, 14, 15, 18, 19, 21, 22, 25, 27, 28, 33, 35, 36, 37, 38, 41, 42, 44, 45, 46, 48, 49, 50, 53, 54, 55, 59, 60, 62, 63, 65, 66, 67, 68, 69, 75, 76, 80, 81, 82, 84, 87, 88, 89, 90, 91, 92, 96, 97, 98, 99, 100, 102, 103, 104, 107, 109, 110, 111, 112, 113, 116, 119, 120, 121, 122, 123, 125, 126, 128, 129, 130, 131, 132, 134, 135, 136, 137, 138, 139, 140, 141, 143, 145, 146, 147, 148, 152, 153, 155, 156, 157, 158, 159, 162, 163, 164, 165, 166, 167, 168, 169, 170, 173, 175, 176, 177, 178, 179, 180, 181, 183, 184, 185, 186, 187, 188, 189, 190, 191, 192, 193, 194, 195, 197, 198, 199, 201, 202, 203, 205, 206, 208, 209, 211, 212, 213, 214, 215, 218, 219, 220, 222, 223, 224, 226, 227, 228, 229, 230, 234, 235, 236, 238, 239, 242, 243, 244, 245, 246, 247, 248, 249, 250, 251, 252, 253, 254, 255, 257, 258, 259, 261, 262, 263, 266, 268, 270, 271, 272, 273, 274, 275, 276, 277, 279, 280, 281, 282, 283, 284, 286, 288, 289, 290, 291, 292, 294, 299, 302, 303, 304, 306, 307, 308, 309, 311, 312, 313, 314, 316, 317, 318, 320, 322, 324, 325, 326, 328, 330, 332, 334, 335, 336, 337, 339, 341, 342, 343, 345, 347, 350, 351, 352, 353, 354, 355, 356, 357, 358, 359, 360, 361, 362, 363, 364, 365, 366, 367, 368, 369, 370, 371, 372, 374, 375, 377, 379, 381, 382, 384, 385, 387, 388, 389, 390, 391, 393, 394, 395, 398]

Validation (60 samples): [8, 9, 11, 17, 20, 24, 29, 30, 32, 39, 51, 52, 61, 64, 70, 72, 74, 79, 86, 93, 101, 106, 108, 118, 124, 144, 150, 161, 171, 172, 196, 204, 207, 217, 221, 231, 233, 240, 256, 260, 267, 269, 285, 287, 293, 296, 298, 300, 305, 319, 323, 327, 329, 331, 333, 338, 346, 348, 349, 400]

Test (60 samples): [1, 10, 16, 23, 26, 31, 34, 40, 43, 47, 56, 57, 58, 71, 73, 77, 78, 83, 85, 94, 95, 105, 114, 115, 117, 127, 133, 142, 149, 154, 160, 174, 182, 200, 210, 225, 232, 237, 241, 264, 265, 278, 295, 297, 301, 310, 315, 321, 340, 344, 373, 376, 378, 380, 383, 386, 392, 396, 397, 399]

Test ranges: 1, 10, 16, 23, 26, 31, 34, 40, 43, 47, 56-58, 71, 73, 77-78, 83, 85, 94-95, 105, 114-115, 117, 127, 133, 142, 149, 154, 160, 174, 182, 200, 210, 225, 232, 237, 241, 264-265, 278, 295, 297, 301, 310, 315, 321, 340, 344, 373, 376, 378, 380, 383, 386, 392, 396-397, 399
